'#': Made for YnGine by YnConverter
Elements: 2
vertices: [-4.837255, -4.6E-5, -7.122668, -4.837255, 1.999954, -7.122668, -4.837255,
  -4.6E-5, -8.070848, -4.837255, 1.999954, -8.070848, 6.702029, -4.6E-5, -7.122668,
  6.702029, 1.999954, -7.122668, 6.702029, -4.6E-5, -8.070848, 6.702029, 1.999954,
  -8.070848, -4.837255, -4.6E-5, -8.070848, 6.702029, -4.6E-5, -8.070848, -4.837255,
  -4.6E-5, -7.122668, 6.702029, -4.6E-5, -7.122668, -4.837255, -4.6E-5, -8.070848,
  6.702029, -4.6E-5, -8.070848, 6.702029, -4.6E-5, -7.122668, 6.702029, 1.999954,
  -8.070848, -4.837255, 1.999954, -8.070848, -4.837255, 1.999954, -7.122668, -4.837255,
  1.999954, -7.122668, -4.837255, 1.999954, -8.070848, 6.702029, 1.999954, -8.070848,
  6.702029, 1.999954, -7.122668, -4.837255, -4.6E-5, -7.122668, 6.702029, 1.999954,
  -7.122668, -6.185364, -0.402991, 6.929077, -6.185364, 0.398654, 6.929077, -6.185364,
  -0.402991, -8.09984, -6.185364, 0.398654, -8.09984, 8.050138, -0.402991, 6.929077,
  8.050138, 0.398654, 6.929077, 8.050138, -0.402991, -8.09984, 8.050138, 0.398654,
  -8.09984, 6.702029, -4.6E-5, -7.122668, -4.837255, -4.6E-5, -7.122668, -4.837255,
  -4.6E-5, -8.070848, 6.702029, 1.999954, -8.070848, 6.702029, -4.6E-5, -7.122668,
  -4.837255, -4.6E-5, -7.122668, 6.702029, -4.6E-5, -8.070848, -4.837255, -4.6E-5,
  -8.070848, 6.702029, -4.6E-5, -7.122668, 6.702029, -4.6E-5, -8.070848, -4.837255,
  -4.6E-5, -8.070848, -4.837255, -4.6E-5, -8.070848, -4.837255, -4.6E-5, -7.122668,
  6.702029, -4.6E-5, -7.122668, -4.837255, -4.6E-5, -8.070848, 6.702029, 1.999954,
  -8.070848, 6.702029, -4.6E-5, -7.122668, 6.702029, -4.6E-5, -8.070848, 6.702029,
  -4.6E-5, -8.070848, 6.702029, -4.6E-5, -7.122668, 6.702029, 1.999954, -8.070848,
  6.702029, -4.6E-5, -8.070848, -4.837255, -4.6E-5, -8.070848, 6.702029, -4.6E-5,
  -8.070848]
textureCoords: [0.0, 0.0, 1.0, 1.0, 1.0, 0.0, 1.0, 1.0, 1.0, 0.0, 1.0, 1.0, 1.0, 0.0,
  1.0, 1.0, 0.0, 0.0, 0.0, 0.0, 1.0, 0.0, 0.0, 0.0, 1.0, 1.0, 1.0, 0.0, 0.0, 0.0,
  1.0, 1.0, 1.0, 0.0, 0.0, 0.0, 0.0, 1.0, 0.0, 1.0, 0.0, 1.0, 0.0, 1.0, 0.0, 1.0,
  0.0, 1.0, 1.0, 1.0, 1.0, 1.0, 1.0, 1.0, 1.0, 1.0, 1.0, 1.0, 1.0, 1.0, 1.0, 1.0,
  1.0, 1.0, 1.0, 1.0, 1.0, 0.0, 0.0, 0.0, 1.0, 1.0, 1.0, 0.0, 0.0, 0.0, 1.0, 1.0,
  1.0, 0.0, 0.0, 0.0, 1.0, 1.0, 1.0, 0.0, 0.0, 0.0, 1.0, 1.0, 1.0, 0.0, 0.0, 0.0,
  1.0, 1.0, 1.0, 0.0, 0.0, 0.0, 0.0, 1.0, 0.0, 1.0, 0.0, 1.0, 0.0, 1.0, 0.0, 1.0,
  0.0, 1.0]
normals: [-1.0, 0.0, 0.0, 0.0, 0.0, 1.0, -1.0, 0.0, 0.0, -1.0, 0.0, 0.0, 1.0, 0.0,
  0.0, 1.0, 0.0, 0.0, 0.0, 0.0, -1.0, 0.0, 0.0, -1.0, 0.0, 0.0, -1.0, 1.0, 0.0, 0.0,
  0.0, 0.0, 1.0, 0.0, 0.0, 1.0, 0.0, -1.0, 0.0, 0.0, -1.0, 0.0, 0.0, -1.0, 0.0, 0.0,
  1.0, 0.0, 0.0, 1.0, 0.0, 0.0, 1.0, 0.0, -1.0, 0.0, 0.0, 0.0, 0.0, -1.0, 1.0, 0.0,
  0.0, 0.0, 0.0, 1.0, 0.0, -1.0, 0.0, 0.0, 1.0, 0.0, -1.0, 0.0, 0.0, -1.0, 0.0, 0.0,
  -1.0, 0.0, 0.0, -1.0, 0.0, 0.0, -1.0, 0.0, 0.0, -1.0, 0.0, 0.0, -1.0, 0.0, 0.0,
  -1.0, 0.0, 0.0, -1.0, 0.0, 0.0, -1.0, 0.0, 0.0, -1.0, 0.0, 0.0, 0.0, 0.0, -1.0,
  0.0, 0.0, -1.0, 0.0, 0.0, -1.0, 1.0, 0.0, 0.0, 1.0, 0.0, 0.0, 1.0, 0.0, 0.0, 0.0,
  0.0, 1.0, 0.0, 0.0, 1.0, 0.0, 0.0, 1.0, 0.0, -1.0, 0.0, 0.0, -1.0, 0.0, 0.0, -1.0,
  0.0, 0.0, 1.0, 0.0, 0.0, 1.0, 0.0, 0.0, 1.0, 0.0, -1.0, 0.0, 0.0, 0.0, 0.0, -1.0,
  1.0, 0.0, 0.0, 0.0, 0.0, 1.0, 0.0, -1.0, 0.0, 0.0, 1.0, 0.0]
e.0.indices: [3, 2, 0, 7, 6, 8, 5, 4, 9, 1, 10, 11, 12, 13, 14, 15, 16, 17, 18, 3,
  0, 19, 7, 8, 20, 5, 9, 21, 1, 11, 22, 12, 14, 23, 15, 17]
e.0.tangents: [-0.9709347, 0.0, -0.23934454, -0.9924896, 0.0, -0.12232901, 0.9924896,
  0.0, -0.12232901, 0.9709347, 0.0, -0.23934454, -0.9991571, 0.0, -0.04105027, -0.99664104,
  0.0, 0.0818938, 0.99664104, 0.0, 0.0818938, 0.9991571, 0.0, -0.04105027, 0.9924896,
  0.0, -0.12232901, 0.99664104, 0.0, 0.0818938, -0.9709347, 0.0, -0.23934454, -0.9991571,
  0.0, -0.04105027, 0.9924896, 0.0, -0.12232901, 0.99664104, 0.0, 0.0818938, -0.9991571,
  0.0, -0.04105027, 0.9991571, 0.0, -0.04105027, 0.9709347, 0.0, -0.23934454, -0.9924896,
  0.0, -0.12232901, -0.9924896, 0.0, -0.12232901, 0.9709347, 0.0, -0.23934454, 0.9991571,
  0.0, -0.04105027, -0.99664104, 0.0, 0.0818938, -0.9709347, 0.0, -0.23934454, -0.99664104,
  0.0, 0.0818938]
e.0.texture: brick_texture3424.jpg
e.0.bump: ''
e.1.indices: [32, 33, 34, 35, 36, 37, 38, 39, 40, 41, 42, 43, 44, 45, 46, 47, 48,
  49, 50, 32, 34, 51, 35, 37, 52, 38, 40, 53, 41, 43, 54, 44, 46, 55, 47, 49]
e.1.tangents: [0.97662604, 0.18482094, -0.109739766, -0.9924896, 0.0, -0.12232901,
  0.99941206, 0.0, 0.034288738, 0.9709347, 0.0, -0.23934454, -0.9973931, 0.0, 0.07215934,
  -0.99664104, 0.0, 0.081893794, 0.33394757, 0.67014605, 0.6628599, 0.9980434, 0.05604308,
  -0.027719775, 0.99941206, 0.0, 0.034288738, 0.33394757, 0.67014605, 0.6628599, 0.97662604,
  0.18482094, -0.109739766, -0.9973931, 0.0, 0.07215934, 0.99941206, 0.0, 0.034288738,
  0.33394757, 0.67014605, 0.6628599, -0.9973931, 0.0, 0.07215934, 0.9980434, 0.05604308,
  -0.027719775, 0.9709347, 0.0, -0.23934454, -0.9924896, 0.0, -0.12232901, -0.9924896,
  0.0, -0.12232901, 0.9709347, 0.0, -0.23934454, 0.9980434, 0.05604308, -0.027719775,
  -0.99664104, 0.0, 0.081893794, 0.97662604, 0.18482094, -0.109739766, -0.99664104,
  0.0, 0.081893794, 0.0, 0.0, 0.0, 0.0, 0.0, 0.0, 0.0, 0.0, 0.0, 0.0, 0.0, 0.0, 0.0,
  0.0, 0.0, 0.0, 0.0, 0.0, 0.0, 0.0, 0.0, 0.0, 0.0, 0.0, -0.99664104, 0.0, 0.0818938,
  0.9820965, 0.17021793, -0.08069868, 0.9991571, 0.0, 0.04105027, 0.9979623, 0.057655934,
  -0.027334122, -0.99664104, 0.0, 0.0818938, 0.9820965, 0.17021793, -0.08069868, 0.0,
  0.7256583, 0.68805516, 0.9991571, 0.0, 0.04105027, -0.99664104, 0.0, 0.0818938,
  0.0, 0.7256583, 0.68805516, 0.9991571, 0.0, 0.04105027, 0.9991571, 0.0, 0.04105027,
  0.9820965, 0.17021793, -0.08069868, -0.99664104, 0.0, 0.0818938, 0.9991571, 0.0,
  0.04105027, 0.9979623, 0.057655934, -0.027334122, -0.99664104, 0.0, 0.0818938, 0.0,
  0.7256583, 0.68805516, 0.0, 0.7256583, 0.68805516, -0.99664104, 0.0, 0.0818938,
  0.9979623, 0.057655934, -0.027334122, 0.0, 0.7256583, 0.68805516, 0.9991571, 0.0,
  0.04105027, 0.0, 0.7256583, 0.68805516]
e.1.texture: grass_grass_0118_02_preview.jpg
e.1.bump: ''
